[frc1690]
lat=32.520174
lng=34.948424