[frc1690]
lat=32.520174
lng=34.948424

[frc7285]
lat=41.039389986420304
lng=28.994460635581685
